300,42831,0.104,4456
204,30363,0.109,3315
200,21854,0.104,2279
102,21717,0.091,1970
91,21466,0.103,2215
215,19116,0.111,2130
926,18713,0.127,2371
1,17030,0.131,2229
203,16208,0.108,1758
923,14963,0.117,1746
601,14420,0.1,1441
211,14027,0.097,1362
30,13388,0.1,1338
364,12761,0.07,891
9,12743,0.124,1586
346,12380,0.122,1513
231,12181,0.174,2123
206,11815,0.133,1575
20,11740,0.098,1149
741,11441,0.073,836
27,11416,0.092,1051
596,11396,0.111,1262
565,11198,0.139,1558
479,11164,0.087,975
8,11125,0.114,1265
147,11042,0.086,946
213,10777,0.086,931
305,10747,0.105,1129
32,10402,0.091,947
257,10288,0.056,580
5,10235,0.115,1174
95,10050,0.14,1408
228,10026,0.122,1222
10,9955,0.117,1160
26,9863,0.094,923
7,9817,0.108,1065
394,9729,0.1,976
323,9696,0.103,994
25,9628,0.098,941
302,9626,0.119,1142
17,9610,0.083,794
128,9493,0.106,1004
100,9490,0.093,882
169,9447,0.12,1129
4,9409,0.121,1134
28,9398,0.1,938
583,9287,0.068,635
150,9263,0.099,917
2,9148,0.123,1124
745,9058,0.086,781
129,8984,0.152,1369
31,8959,0.103,922
511,8914,0.103,916
14,8904,0.088,784
19,8809,0.124,1088
93,8662,0.105,906
303,8640,0.126,1092
6,8604,0.107,924
210,8492,0.112,950
932,8334,0.114,954
15,8328,0.096,803
146,8290,0.091,753
13,8240,0.093,769
114,8230,0.105,862
3,8228,0.11,902
612,8214,0.086,710
79,8200,0.11,900
307,8142,0.105,856
635,8096,0.165,1333
232,7986,0.145,1154
544,7980,0.086,690
500,7952,0.139,1104
12,7931,0.119,943
309,7931,0.105,835
107,7906,0.098,775
927,7886,0.177,1398
938,7752,0.143,1105
744,7751,0.087,672
498,7713,0.135,1044
233,7660,0.13,996
202,7521,0.135,1015
351,7480,0.138,1029
751,7477,0.132,989
911,7462,0.276,2059
104,7415,0.096,715
11,7353,0.122,898
130,7238,0.153,1111
393,7189,0.136,976
925,7058,0.188,1324
182,7052,0.176,1241
109,7033,0.095,668
285,7023,0.136,957
536,6961,0.104,726
434,6924,0.103,716
513,6918,0.09,624
640,6900,0.116,800
106,6840,0.089,611
605,6768,0.089,602
496,6610,0.172,1140
139,6596,0.14,922
395,6589,0.158,1044
148,6537,0.081,527
753,6527,0.204,1331
556,6514,0.188,1226
476,6446,0.129,833
71,6427,0.108,692
255,6386,0.077,492
70,6353,0.111,708
481,6352,0.137,872
456,6326,0.168,1062
421,6320,0.088,555
76,6239,0.159,995
462,6143,0.13,801
633,6143,0.119,734
189,6136,0.133,819
532,6062,0.076,462
101,6013,0.092,555
473,5985,0.079,473
112,5953,0.086,513
18,5938,0.114,677
16,5916,0.087,516
306,5915,0.119,706
514,5888,0.083,486
92,5883,0.111,653
610,5878,0.131,772
454,5856,0.159,929
254,5789,0.074,430
110,5784,0.102,588
516,5717,0.098,562
480,5691,0.12,685
530,5681,0.111,628
724,5676,0.127,722
460,5667,0.125,710
940,5653,0.123,697
450,5617,0.118,662
420,5599,0.123,690
517,5525,0.109,600
286,5502,0.14,772
293,5478,0.182,997
542,5449,0.1,543
455,5412,0.166,897
345,5384,0.179,964
471,5384,0.131,707
83,5383,0.129,697
510,5351,0.103,550
424,5346,0.125,666
251,5345,0.068,361
538,5333,0.116,621
505,5326,0.154,819
33,5300,0.102,540
21,5293,0.103,546
531,5286,0.112,592
643,5271,0.116,614
540,5257,0.099,518
384,5245,0.153,801
22,5245,0.106,558
611,5245,0.087,458
474,5238,0.114,596
559,5229,0.192,1006
90,5228,0.109,569
407,5226,0.156,816
29,5177,0.097,501
541,5176,0.092,477
84,5175,0.166,859
294,5164,0.121,626
563,5163,0.165,854
355,5136,0.13,669
917,5134,0.222,1139
341,5125,0.16,820
502,5081,0.18,914
353,5072,0.131,662
585,5043,0.098,493
24,5034,0.132,666
484,5033,0.168,844
73,4965,0.155,768
752,4944,0.155,767
482,4934,0.129,635
515,4926,0.091,446
743,4899,0.101,497
472,4874,0.09,440
490,4844,0.165,798
245,4831,0.136,656
65,4802,0.148,711
253,4800,0.065,311
477,4762,0.136,647
356,4755,0.144,685
390,4737,0.105,496
580,4727,0.098,461
431,4722,0.105,497
722,4688,0.165,775
40,4685,0.097,454
461,4637,0.16,741
406,4634,0.152,703
284,4624,0.099,457
340,4600,0.133,610
607,4596,0.136,627
512,4560,0.125,572
433,4556,0.125,569
362,4555,0.112,509
935,4552,0.139,631
124,4549,0.106,483
277,4516,0.135,610
725,4513,0.104,468
451,4509,0.172,775
934,4504,0.259,1166
645,4501,0.164,740
290,4495,0.143,644
404,4483,0.112,502
562,4482,0.189,845
438,4452,0.108,482
910,4439,0.208,923
415,4437,0.128,568
252,4429,0.06,264
292,4414,0.144,637
914,4410,0.205,905
347,4408,0.162,713
23,4387,0.115,506
543,4367,0.129,564
721,4322,0.131,566
181,4318,0.213,919
243,4275,0.1,427
587,4268,0.088,377
491,4264,0.119,508
400,4258,0.172,733
558,4257,0.166,706
432,4250,0.119,504
475,4248,0.115,488
733,4248,0.099,419
483,4246,0.139,590
581,4245,0.077,327
740,4209,0.107,449
412,4169,0.099,414
608,4144,0.11,457
60,4134,0.137,566
366,4131,0.122,502
327,4123,0.133,550
501,4119,0.171,705
320,4104,0.132,540
533,4099,0.112,461
85,4082,0.15,613
606,4068,0.144,584
72,4039,0.128,519
401,4034,0.141,570
149,4033,0.098,395
354,4032,0.135,546
62,4029,0.099,399
344,4003,0.12,480
392,3997,0.144,576
518,3985,0.097,385
256,3967,0.086,342
723,3958,0.122,484
414,3954,0.128,505
416,3954,0.12,476
555,3893,0.201,783
321,3877,0.09,347
329,3850,0.189,729
539,3847,0.109,421
186,3833,0.2,766
570,3790,0.135,512
360,3784,0.083,313
161,3768,0.102,386
352,3755,0.086,322
584,3732,0.103,384
410,3731,0.12,447
535,3722,0.083,310
343,3700,0.138,511
342,3678,0.131,483
913,3656,0.216,788
731,3652,0.138,504
582,3648,0.12,438
322,3622,0.094,341
291,3602,0.131,473
554,3598,0.168,604
324,3587,0.128,459
497,3582,0.186,667
924,3552,0.166,588
746,3541,0.102,362
74,3512,0.134,471
621,3484,0.165,575
325,3454,0.16,554
485,3439,0.173,594
647,3431,0.157,540
328,3431,0.147,503
361,3416,0.109,371
436,3403,0.1,342
560,3399,0.118,401
126,3370,0.155,524
241,3368,0.138,465
492,3359,0.135,452
77,3338,0.132,439
495,3327,0.129,430
250,3316,0.067,221
750,3303,0.152,502
413,3289,0.141,465
75,3283,0.133,438
363,3280,0.142,467
350,3250,0.101,327
187,3233,0.205,663
939,3213,0.216,693
551,3198,0.144,460
564,3190,0.136,435
470,3190,0.099,315
623,3180,0.104,330
278,3168,0.128,407
391,3119,0.18,561
381,3110,0.223,695
270,3110,0.107,334
405,3065,0.167,511
937,3063,0.159,486
912,3059,0.22,673
437,3052,0.087,267
64,3030,0.189,572
624,3002,0.137,410
931,2998,0.173,519
385,2991,0.236,706
463,2968,0.184,546
552,2968,0.16,476
452,2935,0.152,445
430,2933,0.09,265
918,2916,0.193,564
120,2889,0.15,432
127,2883,0.16,460
82,2879,0.136,392
273,2851,0.132,377
180,2809,0.204,573
919,2780,0.173,482
411,2773,0.153,424
63,2738,0.118,322
929,2732,0.139,379
435,2725,0.1,272
184,2710,0.23,624
625,2710,0.14,379
185,2689,0.276,742
122,2657,0.157,416
494,2639,0.177,466
402,2638,0.117,308
383,2637,0.188,496
453,2555,0.121,308
589,2552,0.118,301
586,2548,0.111,283
478,2543,0.136,346
499,2530,0.131,331
622,2527,0.157,397
276,2452,0.087,214
921,2408,0.148,357
632,2390,0.179,429
620,2376,0.136,323
240,2366,0.131,309
595,2349,0.093,218
422,2347,0.14,329
642,2340,0.159,373
38,2326,0.116,270
459,2323,0.121,282
732,2317,0.177,411
80,2310,0.183,423
631,2272,0.145,329
593,2267,0.093,210
423,2239,0.111,249
588,2220,0.114,253
386,2148,0.193,415
928,2120,0.135,286
258,2106,0.051,108
458,2104,0.183,385
916,2085,0.137,285
644,2068,0.179,371
382,2014,0.211,424
61,2000,0.096,191
493,1997,0.165,329
557,1960,0.146,286
730,1921,0.117,225
591,1918,0.087,166
274,1913,0.094,179
930,1912,0.223,427
742,1857,0.102,189
720,1815,0.19,345
646,1808,0.132,239
920,1794,0.124,223
365,1779,0.139,248
590,1741,0.103,179
121,1702,0.161,274
457,1694,0.149,253
163,1692,0.105,178
634,1664,0.159,264
282,1663,0.117,194
641,1647,0.116,191
734,1592,0.126,201
368,1513,0.159,241
592,1497,0.108,161
144,1494,0.165,246
380,1488,0.201,299
164,1480,0.118,175
142,1465,0.082,120
162,1454,0.109,158
609,1430,0.152,218
922,1381,0.144,199
165,1341,0.096,129
630,1311,0.172,225
367,1269,0.07,89
168,1244,0.112,139
123,1237,0.116,143
594,1168,0.093,109
143,1118,0.135,151
279,1107,0.172,190
915,1021,0.174,178
280,1010,0.134,135
145,1006,0.11,111
160,768,0.081,62
140,714,0.139,99
283,655,0.2,131
281,609,0.143,87
941,529,0.189,100
936,493,0.144,71
141,490,0.143,70
166,485,0.142,69
57,480,0.071,34
933,371,0.178,66
