17,193863,0.116,22484
16,180076,0.118,21241
15,170120,0.117,19941
8,153261,0.094,14344
18,151947,0.121,18416
14,136936,0.115,15726
13,136548,0.109,14936
12,132535,0.107,14216
19,115920,0.129,14929
11,115530,0.109,12598
9,105247,0.1,10553
10,99347,0.112,11170
20,87661,0.139,12145
7,85541,0.123,10491
21,71635,0.146,10443
22,63016,0.153,9644
23,50824,0.163,8260
0,36219,0.184,6651
6,35680,0.157,5603
1,26481,0.192,5084
2,21284,0.203,4329
5,17251,0.19,3285
3,16987,0.201,3416
4,12658,0.201,2549
\N,153,0.183,28
